279.5806233401351
281.38730069394154
281.55766214612555
283.36610143633357
291.6261389673299
291.8725576437098
293.34221939658994
293.7513188199571
297.78754395392707
300.2130611619097
300.62709013454116
302.27028997935736
302.3264992504886
304.20776751609657
304.24882803033336
304.46646750846116
304.5842692143826
304.9671228167952
306.01560021207973
306.9113200151447
310.7574368417285
318.0047199116341
319.7714068109211
319.9884876946868
453.57441602461193
458.8705548482728
460.4762687609349
466.56074298091517
468.3685195814164
469.5250354660833
475.3403658784638
477.7170130919703
479.2003422281135
479.4632147852136
480.92593679351955
482.5763323876942
486.18329774427036
486.6378567269187
497.2314433418338
497.78896630044073
499.591257738131
649.0318019835482
649.9056176817271
665.7794442186333
671.2513547541902
677.8947668259312
692.1645522067713
720.9252270758097
769.0817523205915
842.8032093073701
1211.0366992396605
1350.3248542532438
1352.1385332635157
1363.557134110724
1383.458576144629
1412.3673233678842
1468.4338487168668
1503.5379195770424
1672.2485502777806
2384.6702398705893
2488.027884993255
2518.988582989687
2528.0751237846293
2715.4946544362483
